0784121
4966523
6009655
2298607
6312562
3966118
3517649
3708468
4534925
9407325
5622467
9809931
2824055
2514948
9234395
7043543
8850134
0775916
0088355
7359147
6361849
0563691
4065071
9912953
5334630
0968565
8622105
0086137
4730437
0711320
4152403
1506800
1928827
3173875
7183280
4432487
5262254
4418090
4364166
0032322
4445177
6129987
8109318
9148383
4816827
7545819
2947699
3170824
8139586
0041542
8130741
2484465
2034330
1145544
8247621
8528232
8737789
4335679
7003128
1990133
9582069
4822661
6197110
7372749
2431946
8871982
6145023
1008832
5007332
6021361
8133879
6990151
8083093
9887860
0714326
4977888
6205129
3319476
6971528
3567524
5994565
2760271
6175841
0603221
0992337
7418947
1292840
3161558
6300886
4309071
1721747
7097130
6619546
1056353
6507036
3341218
6580444
6242855
9231233
0143328
3079030
6814341
8722529
1956441
8200243
2124774
7881841
5054449
8849963
7649147
1765286
0176869
0193290
6566470
4336717
9713473
8364530
9931069
5192015
8610287
4854986
3905027
6643923
9674961
8606136
7169333
8803227
2416506
1655873
9717927
7291680
3718273
2297280
4197519
5197970
4684952
8369790
6134665
1786544
0794512
3338762
3269958
2302859
5245662
1849544
1399059
1466270
7935347
0347900
5561500
2934547
3552516
9044251
1838702
5852874
6724328
8320767
7880540
6271482
2959262
5399129
3139406
5131485
9661359
3426336
5252039
8522760
8609470
1445948
7799076
9317232
7517952
7493990
7243582
2948394
5566089
5711909
0822503
4041365
8636372
7092496
8887021
5850252
2141389
1161725
3013957
5057171
8149818
2925817
9026871
5228722
9214195
0498552
0178787
0187027
9707717
8996438
5063968
8799796
9111696
3081531
4877528
9681362
7585108
0949883
1927946
6659052
6725814
4535762
8158118
5635758
2578227
7219866
0762391
2810240
1360502
2194002
2493760
2306600
7047683
2182586
9882057
3878969
4693354
0067992
3024129
3500714
2523607
9906876
9062290
0331974
8157660
2188277
0448531
0667289
8805814
6705330
7326881
5828646
0133275
1501393
7445175
1676243
1366870
1618923
5618073
6397954
9184870
8123952
2739033
8510165
1074525
9646174
4376039
9760536
4538133
6974865
5250807
0656886
7656885
2221711
5933882
4729067
8236241
0575295
9118891
3139794
0213451
3122633
7922260
3687465
3279910
9630549
2450183
1058463
2470111
0868180
3844490
4315005
1140069
2343900
2309867
4651651
4830615
3412621
1098425
0121214
4575456
4047068
7950867
1933979
1795042
6452859
2120516
9050133
2446535
7312142
7748129
8441199
0758493
6168834
0613334
8543944
8870351
8439268
1715004
3239677
9726634
2794873
9572088
5748384
4532574
1107488
7018318
5741826
1291326
9311010
8124454
2599212
6402154
3842789
9329286
5134928
9863383
2193238
1836978
9409210
5408706
3770436
5381315
2361447
6241628
3789919
2141389
1866221
7867762
5184490
6017220
1343306
7994623
8941145
4814345
0387721
4272164
3399213
6899049
1532020
2392384
2534325
8896880
4864697
1915779
1857554
0922748
4039852
9866509
0463162
1179819
5970784
1742960
3955536
8335882
5758687
6431997
4640204
0353610
5189694
2166735
5387208
1609877
3923193
5263461
0866008
3415314
3179585
2504557
9085478
0991845
1286278
3670925
0346756
6110396
5862354
9398546
6130000
0497452
2005796
1767503
9140200
5811302
9616352
3121299
4752288
2424198
8885116
7565317
4235744
3111383
1626473
2255396
9827272
0097342
8194957
8576258
7830914
2099960
2412160
9394519
2477554
8416960
4353140
4507804
1687299
1543217
6835953
2081582
5138207
5519837
4207319
8983300
1201933
8760023
1494420
4273983
4191917
7507379
6280335
6847073
8609269
2857890
8832356
0760427
1763270
1836673
4620954
8546989
6960313
5383352
5468469
5587026
8002365
1690003
5090414
3043786
1216775
1705431
0352611
7098493
0525549
7921103
4157107
9104826
6301497
4652168
6958060
6946046
4729986
3954709
8486979
4410257
2885567
6090071
9453725
3880043
8768114
5198813
3977590
4728534
9402995
6719347
2901166
8518940
7581833
9298612
0028252
4111991
2111564
6576768
9899403
1436917
7725860
3341747
5146012
5781524
4403380
1757887
6849408
6747951
7778846
5439491
7735639
1572640
9652073
6998851
9652870
5820883
4021056
4942719
8488446
9415897
8502059
6040669
0531273
4158134
9672498
7053731
2200070
2146330
0439968
1417411
4125242
7438018
4357918
1958368
5357813
4048324
4851117
7110673
2564639
6682969
7929912
0502504
0605795
8769842
8989539
8763666
4313879
6371840
8454823
4305915
9283669
9609125
3812501
6487231
6961140
9188001
1172472
3760239
8339027
2041310
3326631
3798656
3890436
0741421
2253527
3853017
9152669
6890338
3709542
5099236
3932886
8823200
5905825
6054195
7381110
7985209
9651853
1809552
2160870
8984908
4641383
6278556
7146669
8695650
9619667
8517072
9675032
3526361
4130418
3597716
5469545
2107697
1568492
9000818
6552022
0093759
8030089
7580939
1241824
7340327
0143896
4238691
2060035
0024980
7111741
7523384
9465522
5462577
7965849
3983698
4269006
7263587
9479225
4570115
7132824
5214577
4896895
9917414
4462131
1682569
8131985
3479227
7659168
3697025
9695105
2906901
6604344
2802288
2994967
7759248
8902892
5055616
2331974
0834025
1333537
3145105
1981000
3512254
1727974
5733249
1397887
3159945
2933178
7159779
8335609
7814887
9918755
8971549
7549377
8323854
6544968
2236411
1165055
6618417
4997007
8260940
2737024
9239418
2244933
9040010
5724208
2006867
2889703
7157637
2498275
9186598
3540797
8508193
1401952
4038961
7315846
9766373
9351018
9152575
4397372
6381192
2048825
4335634
1207190
4175605
3163314
4260113
9670761
5666341
6394565
8210463
2524807
2910374
4885740
4215910
3221815
6861777
3612537
0648791
8661346
8939382
0325281
4149889
2766290
6373955
7295986
6667288
1678226
4622344
2263213
1190536
2228876
7401691
3377197
2196132
9824996
5113890
3902888
9487751
0338197
2326983
6628944
3629973
5559933
7324312
4175069
3574856
5186906
6894763
9681926
4194229
1027575
1738266
3970506
3872497
8850497
8740131
3701445
3511587
8123558
4350650
2282028
5310049
1724533
2189400
6725312
9168912
1856597
8699063
9361248
2153250
4727851
3367552
2814928
6813665
5736451
6677111
4627921
7869445
4120110
7621543
7972588
2697304
7669944
0998860
6907824
3906535
2373100
5655147
8933008
3940659
4510080
5496358
9445913
4145845
5451666
4798770
9310273
3671226
0361963
0942521
7675172
0824655
8603495
4662703
7220560
3313972
6412285
1483986
1672567
7700063
7229401
2125592
7131520
9649953
8458494
9043796
4686389
7042721
8409878
4314064
4784320
0794273
2832432
8019841
5979684
0863365
5331960
2433243
2102947
6880959
3563279
5547571
6530576
8719680
9872934
8091422
3915341
7211588
2441017
5074461
2752683
5850178
9255259
5442747
7448768
9846890
1160059
5112802
6557844
8363990
3738143
0889697
2750497
4047370
8797186
9603118
0780490
3029981
2372626
1444551
2845562
6251642
0084402
4352365
2901444
3985504
1456780
4060910
3501158
1643990
7058347
5285391
6149702
3305688
8872195
5161335
9557720
2509106
2522139
6669517
9132268
0062625
7779269
9608088
9542244
9805794
4483743
9667958
4442065
6588106
0947238
5170699
7668383
7695890
4850928
9287727
9155020
3381403
9895769
3793744
4967347
8718127
3108780
8594104
6677306
8321949
6822665
1425666
8720013
4131240
0316655
6774646
5464837
6387823
7547895
8039222
9507253
4036516
3461229
8195394
1574143
8086719
8415736
0653189
6540724
4922607
5885406
0075220
5509893
8990936
8017422
9077195
1514109
9584115
4841605
3165381
6521734
3823427
8622330
8032293
3344380
1781189
3924256
1111571
0176231
5726316
6040330
8016532
7914070
5457874
0655881
4434725
9188631
5618466
6726002
1199102
4616363
5564613
8387858
5068864
3490671
5667579
2777928
5566740
3759188
7540662
0729603
5531979
7760999
9382194
2594448
6465490
5320770
5442404
7046077
1844952
5737699
9663554
2087393
9370430
4539197
3653804
5152657
2196752
4130735
0277834
3869697
9977030
5822146
3966024
6482574
9740611
3148998
6674521
2760212
7658338
9894468
6799436
1900841
1334731
7777077
9627688
0987265
2663309
1858583
1943746
0578684
0784205
5303297
1168201
2110873
1865055
9257485
7674213
5295767
6842015
5869367
5252974
9845854
0150650
9098093
3604166
2969645
1650957
3498553
8366670
1107530
1363378
0066366
4744500
5988422
3440288
5012113
5359793
7259263
6622577
6088994
7250261
6072070
7532006
7403591
9377370
8927753
2058365
8623237
5235825
1640002
4452933
7641735
2081632
2052536
6498962
2748772
3684627
8556946
0124745
9627731
3888757
6669366
4761362
6689720
6635846
0889399
1163847
7912295
0057689
1458189
2193560
3277401
7708533
6244692
9409343
7580812
9456505
5188516
4359012
4420572
8454820
0842274
3436284
7741581
7348344
0009921
8135181
7373088
2525715
9247952
4003020
6238544
3714146
9710845
0819056
7191312
3527041
4694237
5865625
3829715
2579550
2373746
1402907
3607490
3548278
5957540
0151873
3257114
0183689
4580067
3901361
7314869
4164257
9592453
8960795
4420591
8998382
1526587
0095603
1107475
9767711
6012956
4354110
2849296
1149132
5727172
5336696
4543398
4261726
0209837
8741591
6615701
5413925
6227878
5971545
2131535
0025179
1174827
7430694
5910547
4328327
9215471
2156060
9851324
8234943
1522166
9183861
4070377
0685008
6825989
6417786
0204972
9663363
7252156
7960353
2152613
4260282
9012987
7427088
6636244
1958725
1292059
6572653
3635644
4831905
2675706
6939402
0054322
5544207
7077521
1525892
4158361
9319674
4092502
5060998
6973583
0527314
4433612
6857076
8079495
8250904
9067738
7807909
0064540
2562761
1181840
1011067
3465160
5475732
5257145
2350458
8336513
8128139
7361574
1052323
9643298
9389065
5215385
5592900
8059815
1263889
5489724
5760119
2120433
1638470
0767712
0773827
3132741
1022364
0932281
7747761
6001499
4465903
5221193
0456608
0714262
0217399
4377387
5882713
4826827
8746834
3954271
6856316
9771006
8816799
5120354
9661500
2072255
7751344
0179537
9887212
7820769
0411088
3044470
7168698
9204205
7037531
6935565
4237580
1525023
4886558
5877210
7725185
8898094
0668688
5119780
1576950
5307275
7349383
5492293
7419029
6920392
3594648
1127434
2388710
5279163
2148295
3130992
4692160
9207938
9302491
8463802
1571149
7621161
2442936
4973647
6261891
0674863
6304753
3626257
2715049
5488596
7100525
7052924
3462115
8766358
2999335
5700395
4855605
8532230
1181470
6118053
5163955
6239553
5847990
8379537
2126035
1004614
9701391
8361212
4263728
2695692
9399540
2692385
0187535
0228710
0961441
3961448
2848359
1784983
8028452
4484682
6218059
9669257
6012151
1440348
1746180
4282930
8635354
4927862
5460787
9008152
6362005
2518150
1785907
0983222
4991257
0390601
9140678
9117273
4949007
0677215
0955338
9240206
4818338
1578366
4741005
9712342
3511933
0175534
8007126
7440518
2534577
1838274
6615215
4488037
3160359
8672771
8405507
1053462
6581130
9341545
3366764
2065928
7929493
9281571
9957724
5353946
4110388
8053792
4107749
8926361
9708996
0042775
1380871
9668646
9245888
4777216
2749375
6947423
5102093
6688459
2713037
8730101
9897198
9944558
7487295
8119349
7319448
9891539
5461136
1414148
8700393
5224596
8972647
3645941
1133936
9254081
9890204
1082470
1558189
3589007
3539689
2919635
7057442
7645225
7697285
0024006
7891383
7422912
0693415
7298706
5841446
0266881
0543770
5452893
3611008
9520393
4594771
2088635
8866078
2040288
9568433
5209501
7915544
7165248
1789265
2814268
4605555
6080148
7746855
1935233
4661431
1970983
3022396
9329840
7761322
3237101
3746192
5748045
8948262
2209861
4294280
2625260
4784787
1728401
0596776
9841620
5913502
6200714
3564407
1438864
6374862
8216817
9185654
1959624
2876578
4098252
8595733
6307318
4145651
0737148
7547412
8864868
7018906
7552272
5123641
6287925
6514635
8097423
9162251
9995169
2123071
5767149
3920159
0337345
3926558
9334834
8816996
5838290
5512389
6173185
8484019
2356895
4057831
9148430
2238532
4339475
8207467
8137252
5107807
2006049
5431885
2112998
9332617
3588866
4620424
8386626
1385475
9810168
1420731
5229380
8584531
7468894
4956175
6942195
4259264
1712056
9945762
1957425
7912096
5421212
6060265
7753510
2383563
9506776
1583631
6878883
8186196
9763014
1360145
8075425
2089738
3393426
5561357
7213208
6636428
8869088
5065486
8079401
4066360
3821017
4882918
4738050
3063811
4563840
3745482
9383526
1264207
0813812
3734606
5897643
9902503
6828843
7900624
0103638
9029153
9786777
4525192
4619288
6315089
0907941
9888500
3103236
2887688
0854702
5880317
5911416
9654442
7128674
5107138
1595217
9911724
1342340
5886234
6351912
9038214
9579348
0469322
9025922
9825006
4950463
0617921
8756922
0278077
9597779
5505028
2952474
5164888
1753391
6018113
6322592
2448931
7251377
2659855
6586773
9147743
4684909
1189101
5340578
1399582
4876357
0045822
6116077
6871416
2839953
6658896
8716103
0917126
8690355
3117961
2554407
1789121
9796397
2937587
7350196
8766589
2227737
4216651
1637041
3696029
7050216
6048324
9274817
8209021
5444860
8643428
1752033
6226434
1888597
9183195
2566882
6674245
6772576
3170036
0891892
5616459
9541654
1972416
1207980
6675563
3856418
6006372
6726367
5757902
8601215
6600534
7290772
8283020
3253729
4421165
7928567
1881351
9219238
5800956
8588812
9737045
1123302
2405412
4959493
3797158
5868335
1957554
5693049
9453523
9844024
6157030
6823007
7191381
1548555
4857482
3818083
7906408
2992021
1579257
4595999
0347408
7368219
3216941
9889253
5990997
4278582
6453434
9290994
6139997
4654397
1619557
3726043
6467712
2568464
8050504
6811460
1476051
0494567
9571782
5783717
4984155
9021678
7564487
0506651
0623252
9516315
6473176
5996364
7065964
4742078
0578477
9796091
0284304
9665557
8456728
7242976
6451778
0252136
2846371
7338118
9038225
8310414
7345269
5205891
6928923
9238690
8765033
9903974
0315435
5678492
6725312
4528498
8102254
4411025
5227055
5919118
7987207
4270339
3186560
4295539
0000397
5135400
5576866
2347715
0408016
1981580
5838045
9862266
1057811
7168107
8575554
8264394
3863836
0667283
8135163
4330194
3912650
9627608
0871809
6121865
0780366
6005968
6638243
0669061
3902252
4185893
7772396
2384786
1325261
9465861
1527773
2361762
7115058
4930834
1084382
5293476
6556748
4960420
3324498
8746396
5217709
2527927
4622336
9385065
4108485
1439625
5403814
6166583
6259846
9640870
8632499
4857119
7759890
5485568
2839027
5341498
1425677
6717289
8099931
7224447
3462502
8125177
3970278
3362303
9733469
3794706
5684177
0767027
3585554
3485710
2942458
9828286
4684143
2544496
2082190
4943989
7379889
5014071
9043366
4387919
3392075
7972013
8930809
0262530
5421744
8481060
5966183
6157523
9940835
6811838
9339572
8687229
2383162
6636606
8315047
4460199
3813318
6672361
4136664
7981273
4984279
5582637
1288513
4301197
7462643
8745556
8882389
9361186
6825982
7936025
1579162
4411721
5030233
0563435
6791680
5100524
8487928
6618670
9494304
2817111
9119139
6084615
6262333
6401141
3907502
5399971
2810576
9962865
2988841
7899864
2560072
4609236
0286246
2287449
0163696
6240813
0468080
1510996
8686709
6956881
1346174
8253313
1292990
4202815
0861015
8307890
3745481
6560612
1123095
0700278
3438450
8427535
6609203
9179600
0467325
8830258
6776139
6159740
1886011
3355371
3187912
2028504
4232451
2663481
4192000
5666043
0411707
8827512
8388647
4962874
9822831
0251121
2384931
6144325
5979821
8529135
6863320
5620761
4152537
5274231
7399708
5809445
7370043
3151063
7086371
8617853
4015098
0514760
0582641
1522900
1729690
9538271
7379128
9134779
3681431
5171278
1127333
2897861
9798828
0111613
6251260
4044416
4926319
5941053
6521977
9673763
3980291
5085236
1619381
8653314
9181209
2620133
7304375
5270894
7413375
3401861
0407260
2502087
7694043
6870337
4633469
8725298
1295191
7072801
6171952
0547186
7313021
0582002
4752877
8725603
0061755
1089511
1692491
3513300
1383625
0514491
2535389
4878761
6387485
5296864
3847116
2090906
8827276
1000234
2009109
0971821
0607474
7776852
9394808
3824970
9411668
2466140
9321190
4245627
1127804
6188900
1729291
8783735
3209169
3168668
8898057
2038852
3458048
2271883
3960612
1137897
4460520
3106114
5118320
2273652
3525768
6274026
3265937
4515446
1021520
4286075
5569619
6684680
2255787
9687189
1940058
2516529
3903754
6067729
8081598
2536308
0136495
3351885
6666458
2639801
2451944
1814014
9951042
5054414
9825255
1776345
6567807
4961525
9078693
5550082
6609887
4560789
0030793
3635318
1225968
4777007
3427071
5591674
7230024
6375062
3323501
2294819
2423699
5311900
6096881
4389244
6745082
1362098
2360750
2285606
4958746
4174266
8155187
5827838
3219535
6205407
0626959
1285844
1587819
2706328
6856967
9503667
2749498
3375406
0513725
6883861
9760795
1467554
7067274
1338714
4365782
6716528
4179011
8032001
2987936
0183028
8104304
0545333
4742916
8588119
9792540
9229047
9045563
0747615
2665036
1283878
5161209
1500602
4326233
1286220
4444283
5304552
1363622
0113702
4807038
9414196
6593497
8582663
4629094
1837226
2346964
9043181
3729054
0268655
9176318
0691107
4460507
5199825
4763766
6380552
7452000
3974213
6484301
1046055
9417116
4265046
4928163
6404866
9762189
0956232
7985549
9516414
6532550
2592297
3285064
0588152
1046944
7948470
4998867
5118136
9892103
3927541
2385167
0727169
2896067
6933947
3960971
3259958
4641056
4065611
4986361
4134730
9024153
1962727
9686075
8031130
9697651
9819867
6398411
8001623
3708681
8084381
6356911
3737385
6382607
4464237
6820298
7283939
6633358
6544362
6289953
4740251
0750139
7368629
6650909
0224663
3840830
8208840
7451317
8012253
6569633
3778068
1472547
7289774
9069418
4723053
9400192
9164759
8314676
2270892
0049637
2683473
1951581
9611034
2641300
5503450
7547356
2776449
1004308
6659429
0506366
7965758
3965800
1486097
1662738
3112829
6153047
3488014
1175951
8344049
5418864
1104192
4072619
4495597
6096160
6098034
3741665
4876753
1961867
8788766
0763133
9752591
8093961
1256497
9601630
5500760
7757233
4986212
4865876
7865840
9516869
0145853
1783955
4516303
5532911
8359108
4303625
6473368
3751785
2939044
5590721
8399614
9345415
0543783
0058726
6284699
2629848
9482947
7314959
1812110
9437466
4823123
8539814
8322658
1516519
5920350
1033121
1603254
6135099
0116466
1991519
1633477
9687371
3784819
5881122
2476700
5310976
8902900
7335278
5580914
5395344
5001407
4221669
7156691
7296288
2689959
5141800
2332094
5766207
2602009
7144959
4727627
6569947
6596629
1164475
9950544
4460922
4915276
0624755
2840689
8739547
7197189
2823839
9187535
6214241
3178862
6630849
3993072
0207060
2493559
5941012
4797953
6711493
2508750
4487726
5255357
2941835
3466650
3790557
9148328
2451651
3534603
7938627
1741203
2902522
1100552
3028000
3873618
5752008
2110398
0017995
7731428
4814882
6025851
2608262
8144737
8206308
9773879
2955112
6732786
6824298
2589916
2602089
2915497
8507838
7679324
1607461
5806877
6776442
9975203
5899518
0197026
1847928
2988967
5474128
1282648
1712233
4336227
6778610
0885974
6633809
6680147
4249972
2498482
8610496
2245529
0956205
8332655
2597811
4251034
4070393
9854205
3255811
4307815
0673874
0495911
6479003
7198141
2353290
1681300
6299789
5863217
0068666
3855187
8811172
7609845
4085635
3908363
2460328
6165445
6053809
9773017
0787869
0563256
1053960
0631596
5456079
2393340
8734356
9202034
0801979
4399882
6928923
5035022
1417892
6599844
2774990
4683586
3058803
2703719
3781927
9592217
8403026
3398479
6870990
7812350
9518156
4499728
7336047
8481239
6955948
0322108
0790256
8241389
6138820
5593553
4203437
9765267
5573795
9462284
9155975
2156606
7280508
1130907
1435307
8383055
1848741
1698933
5464926
8146961
7898182
4051653
5599713
1710443
6794519
3108221
4222975
9591378
9450508
0908998
9431840
7082604
6742414
3331417
7887586
7368214
4585101
6602440
5862220
2661318
7455537
6183339
4814207
3329172
7031841
3150670
7533605
8151507
5321157
9339294
8944627
1317848
2760214
2283211
7525325
2633923
7483905
2489390
3184123
5277696
9535270
3806345
3727637
8938254
4935197
3220813
7757086
7972147
5480432
5950240
7885419
1573266
3103850
4674844
1039233
5348936
8205933
5282786
9572046
8265553
8323371
5338018
5286889
4210497
9415711
9364149
5872330